[DASH_CAM]
EXP=24
POS=-0.340908,1.02235,-0.201754

