[ARB]
FRONT=50500
REAR=10500

[BASIC]
CG_LOCATION=0.54
WHEELBASE=2.55

[DAMAGE]
DEBUG_LOG=1
GAIN=0.0004
MAX_DAMAGE=0.05
MIN_VELOCITY=40

[FRONT]
BASEY=-0.18
BUMPSTOP_DN=0.065
BUMPSTOP_UP=0.080
BUMP_STOP_RATE=80000
DAMP_BUMP=4500
DAMP_FAST_BUMP=1434
DAMP_FAST_BUMPTHRESHOLD=0.070
DAMP_FAST_REBOUND=4089
DAMP_FAST_REBOUNDTHRESHOLD=0.120
DAMP_REBOUND=12000
HUB_MASS=40
PACKER_RANGE=0.175
PROGRESSIVE_SPRING_RATE=0
RIM_OFFSET=0.050
ROD_LENGTH=0.015
SPRING_RATE=78000
STATIC_CAMBER=-3.00
TOE_OUT=-0.00020
TRACK=1.52
TYPE=DWB
WBCAR_BOTTOM_FRONT=0.40944, -0.0749, 0.10595
WBCAR_BOTTOM_REAR=0.35122, -0.07955, -0.35563
WBCAR_STEER=0.41032, 0.0012, -0.10591
WBCAR_TOP_FRONT=0.28973, 0.13061, 0.12058
WBCAR_TOP_REAR=0.28904, 0.13049, -0.12170
WBTYRE_BOTTOM=0.0588, -0.09770, 0.0102
WBTYRE_STEER=0.060112, -0.0192, -0.10515
WBTYRE_TOP=0.060112, 0.11191, -0.0200

[GRAPHICS_OFFSETS]
SUSP_LF=-0.02
SUSP_LR=-0.02
SUSP_RF=0.02
SUSP_RR=0.02
WHEEL_LF=-0.02
WHEEL_LR=-0.02
WHEEL_RF=0.02
WHEEL_RR=0.02

[HEADER]
VERSION=2

[REAR]
BASEY=-0.225
BUMPSTOP_DN=0.075
BUMPSTOP_UP=0.085
BUMP_STOP_RATE=90000
DAMP_BUMP=4600
DAMP_FAST_BUMP=1434
DAMP_FAST_BUMPTHRESHOLD=0.080
DAMP_FAST_REBOUND=4089
DAMP_FAST_REBOUNDTHRESHOLD=0.120
DAMP_REBOUND=8000
HUB_MASS=50
PACKER_RANGE=0.150
PROGRESSIVE_SPRING_RATE=0
RIM_OFFSET=0.050
ROD_LENGTH=-0.020
SPRING_RATE=78000
STATIC_CAMBER=1.0
TOE_OUT=0.00115
TRACK=1.525
TYPE=DWB
WBCAR_BOTTOM_FRONT=0.13541, -0.01744, 0.29661
WBCAR_BOTTOM_REAR=0.40042, -0.01888, -0.10722
WBCAR_STEER=0.2932, -0.01561, 0.14120
WBCAR_TOP_FRONT=0.26384, 0.12692, 0.10025
WBCAR_TOP_REAR=0.30690, 0.13477, -0.14529
WBTYRE_BOTTOM=0.0602, -0.10000, -0.11000
WBTYRE_STEER=0.0602, -0.075511, 0.10000
WBTYRE_TOP=0.0602, 0.10000, 0.00000

