[DASH_CAM]
EXP=26
POS=-0.310558,0.942092,0.16113

