[ARB]
FRONT=23000
REAR=6000

[AXLE]
ATTACH_REL_POS=0.72
J0_AXLE=0.4900,-0.080,0.0
J0_CAR=0.4933,-0.020,0.498
J1_AXLE=-0.4900,-0.080,0.0
J1_CAR=-0.4933,-0.020,0.498
J2_AXLE=0.2488,0.020,0.0
J2_CAR=0.2488,0.075,0.2405
J3_AXLE=-0.2488,0.020,0.0
J3_CAR=-0.2488,0.075,0.2405
J4_AXLE=0.435,-0.020,-0.150
J4_CAR=-0.435,0.010,-0.150
LEAF_SPRING_LAT_K=0
LINK_COUNT=5
TORQUE_REACTION=-0.5

[BASIC]
CG_LOCATION=0.53
WHEELBASE=2.375

[DAMAGE]
DEBUG_LOG=1
GAIN=0.0004
MAX_DAMAGE=0.05
MIN_VELOCITY=40

[FRONT]
BASEY=-0.25
BUMPSTOP_DN=0.040
BUMPSTOP_UP=0.080
BUMP_STOP_RATE=40000
DAMP_BUMP=4500
DAMP_FAST_BUMP=1434
DAMP_FAST_BUMPTHRESHOLD=0.080
DAMP_FAST_REBOUND=2089
DAMP_FAST_REBOUNDTHRESHOLD=0.120
DAMP_REBOUND=8000
HUB_MASS=36
PACKER_RANGE=0.160
PROGRESSIVE_SPRING_RATE=0
RIM_OFFSET=0.098
ROD_LENGTH=-0.020
SPRING_RATE=80000
STATIC_CAMBER=-1.65
STRUT_CAR=0.177, 0.5262, -0.018
STRUT_TYRE=0.135, -0.1238, 0.01125
TOE_OUT=-0.00015
TRACK=1.395
TYPE=STRUT
WBCAR_BOTTOM_FRONT=0.440, -0.0688, 0.425
WBCAR_BOTTOM_REAR=0.440, -0.0688, 0.00
WBCAR_STEER=0.440, -0.0688, -0.100
WBTYRE_BOTTOM=0.135, -0.1238, 0.01125
WBTYRE_STEER=0.135, -0.1238, -0.096

[GRAPHICS_OFFSETS]
SUSP_LF=-0.04
SUSP_LR=-0.03
SUSP_RF=0.04
SUSP_RR=0.03
WHEEL_LF=-0.04
WHEEL_LR=-0.03
WHEEL_RF=0.04
WHEEL_RR=0.03

[HEADER]
VERSION=4

[REAR]
BASEY=-0.28
BUMPSTOP_DN=0.080
BUMPSTOP_UP=0.130
BUMP_STOP_RATE=20000
DAMP_BUMP=5200
DAMP_FAST_BUMP=800
DAMP_FAST_BUMPTHRESHOLD=0.080
DAMP_FAST_REBOUND=1200
DAMP_FAST_REBOUNDTHRESHOLD=0.130
DAMP_REBOUND=6500
HUB_MASS=100
PACKER_RANGE=0.130
PROGRESSIVE_SPRING_RATE=0
RIM_OFFSET=0.018
ROD_LENGTH=-0.040
SPRING_RATE=75000
STATIC_CAMBER=0
TOE_OUT=0.00010
TRACK=1.390
TYPE=AXLE
WBCAR_BOTTOM_FRONT=1.37702, -0.15686, 0.3042
WBCAR_BOTTOM_REAR=1.47702, -0.11686, -0.1154
WBCAR_STEER=1.47702, -0.11686, -0.1154
WBCAR_TOP_FRONT=1.20842, -0.0557, 0.2214
WBCAR_TOP_REAR=1.2680, -0.0594, 0.0308
WBTYRE_BOTTOM=0.04602, -0.15706, 0.0187
WBTYRE_STEER=0.04602, -0.15706, -0.1154
WBTYRE_TOP=0.06622, 0.1207, -0.0065

