[DASH_CAM]
EXP=27
POS=0.360885,0.936092,-0.48422

