[ARB]
FRONT=19500
REAR=7500

[BASIC]
CG_LOCATION=0.50
WHEELBASE=2.435

[FRONT]
BASEY=-0.10
BUMPSTOP_DN=0.05
BUMPSTOP_UP=0.05
BUMP_STOP_RATE=50000
DAMP_BUMP=10100
DAMP_FAST_BUMP=8600
DAMP_FAST_BUMPTHRESHOLD=0.1
DAMP_FAST_REBOUND=11200
DAMP_FAST_REBOUNDTHRESHOLD=0.1
DAMP_REBOUND=12500
HUB_MASS=49
PACKER_RANGE=0.18
PROGRESSIVE_SPRING_RATE=6000
RIM_OFFSET=0.028
ROD_LENGTH=0.053
SPRING_RATE=74533
STATIC_CAMBER=-3.5
STRUT_CAR=0.17, 0.41, -0.056141
STRUT_TYRE=0.055, -0.145, 0.023
TOE_OUT=0.00015
TRACK=1.55
TYPE=STRUT
WBCAR_BOTTOM_FRONT=0.460, -0.15, 0.004
WBCAR_BOTTOM_REAR=0.470, -0.15, -0.33
WBCAR_STEER=0.45, -0.15, 0.086
WBTYRE_BOTTOM=0.050, -0.145, 0.023
WBTYRE_STEER=0.0435, -0.145, 0.115

[GRAPHICS_OFFSETS]
SUSP_LF=-0.015
SUSP_LR=-0.032
SUSP_RF=0.015
SUSP_RR=0.032
WHEEL_LF=0.01
WHEEL_LR=0.032
WHEEL_RF=-0.01
WHEEL_RR=-0.032

[HEADER]
VERSION=2

[REAR]
BASEY=-0.10
BUMPSTOP_DN=0.055
BUMPSTOP_UP=0.08
BUMP_STOP_RATE=50000
DAMP_BUMP=6000
DAMP_FAST_BUMP=3700
DAMP_FAST_BUMPTHRESHOLD=0.1
DAMP_FAST_REBOUND=7700
DAMP_FAST_REBOUNDTHRESHOLD=0.1
DAMP_REBOUND=7800
HUB_MASS=48
PACKER_RANGE=0.15
PROGRESSIVE_SPRING_RATE=2000
RIM_OFFSET=0.0
ROD_LENGTH=0.0530
SPRING_RATE=51780
STATIC_CAMBER=0.4
TOE_OUT=-0.00045
TRACK=1.51
TYPE=DWB
WBCAR_BOTTOM_FRONT=0.360, -0.115, 0.280
WBCAR_BOTTOM_REAR=0.440, -0.120, 0.030
WBCAR_STEER=0.550, -0.0825, 0.190
WBCAR_TOP_FRONT=0.550, -0.0825, 0.120
WBCAR_TOP_REAR=0.550, -0.0825, -0.120
WBTYRE_BOTTOM=0.060, -0.104, 0.025
WBTYRE_STEER=0.065, -0.04, 0.190
WBTYRE_TOP=0.065, -0.04, 0.020

