[DASH_CAM]
EXP=27
POS=-0.399499,0.964209,-0.149856

