[ARB]
FRONT=31500
REAR=17200

[BASIC]
CG_LOCATION=0.50
WHEELBASE=2.425

[DAMAGE]
DEBUG_LOG=1
GAIN=0.0004
MAX_DAMAGE=0.05
MIN_VELOCITY=40

[FRONT]
BASEY=-0.16
BUMPSTOP_DN=0.065
BUMPSTOP_UP=0.080
BUMP_STOP_RATE=75000
DAMP_BUMP=2500
DAMP_FAST_BUMP=1434
DAMP_FAST_BUMPTHRESHOLD=0.060
DAMP_FAST_REBOUND=8900
DAMP_FAST_REBOUNDTHRESHOLD=0.120
DAMP_REBOUND=10000
HUB_MASS=40
PACKER_RANGE=0.115
PROGRESSIVE_SPRING_RATE=0
RIM_OFFSET=0.050
ROD_LENGTH=-0.00
SPRING_RATE=80000
STATIC_CAMBER=-2.20
TOE_OUT=-0.00020
TRACK=1.500
TYPE=DWB
WBCAR_BOTTOM_FRONT=0.4248, -0.0749, 0.01
WBCAR_BOTTOM_REAR=0.3961, -0.07955, -0.37023
WBCAR_STEER=0.4248, -0.0749, 0.07591
WBCAR_TOP_FRONT=0.32296, 0.12061, 0.1075
WBCAR_TOP_REAR=0.32296, 0.12049, -0.1335
WBTYRE_BOTTOM=0.0738, -0.09770, 0.0102
WBTYRE_STEER=0.0738, -0.09770, 0.12715
WBTYRE_TOP=0.09532, 0.11191, -0.0130

[GRAPHICS_OFFSETS]
SUSP_LF=-0.0
SUSP_LR=-0.01
SUSP_RF=0.0
SUSP_RR=0.01
WHEEL_LF=-0.0
WHEEL_LR=-0.01
WHEEL_RF=0.0
WHEEL_RR=0.01

[HEADER]
VERSION=2

[REAR]
BASEY=-0.175
BUMPSTOP_DN=0.025
BUMPSTOP_UP=0.085
BUMP_STOP_RATE=90000
DAMP_BUMP=3600
DAMP_FAST_BUMP=1434
DAMP_FAST_BUMPTHRESHOLD=0.070
DAMP_FAST_REBOUND=4089
DAMP_FAST_REBOUNDTHRESHOLD=0.120
DAMP_REBOUND=8000
HUB_MASS=50
PACKER_RANGE=0.120
PROGRESSIVE_SPRING_RATE=0
RIM_OFFSET=0.050
ROD_LENGTH=-0.030
SPRING_RATE=85000
STATIC_CAMBER=-0.4
TOE_OUT=-0.00100
TRACK=1.490
TYPE=DWB
WBCAR_BOTTOM_FRONT=0.13541, -0.05032, 0.45223
WBCAR_BOTTOM_REAR=0.44042, -0.03796, -0.10722
WBCAR_STEER=0.2932, -0.00561, 0.2197
WBCAR_TOP_FRONT=0.28184, 0.12692, 0.14025
WBCAR_TOP_REAR=0.28184, 0.12877, -0.14025
WBTYRE_BOTTOM=0.0902, -0.10000, -0.11000
WBTYRE_STEER=0.0602, -0.055511, 0.15117
WBTYRE_TOP=0.1202, 0.10000, 0.00000

